75	17	7	1410.08 	 1
76	16	3	1358.17 	 4
77	17	10	1358.03 	 1
78	19	18	1180.98 	 1
79	3	18	1725.75 	 4
80	16	8	1607.71 	 2
81	2	11	1184.09 	 4
82	5	13	1338.9 	 1
83	16	12	1307.79 	 2
84	1	20	2345.72 	 1
85	18	3	1730.56 	 2
86	20	15	1830.99 	 4
87	3	8	923.739 	 4
88	2	14	1239.41 	 4
89	7	5	1000.18 	 3
90	4	8	1025.46 	 1
91	4	16	1243.69 	 1
92	9	2	1002.18 	 4
93	15	18	1219.09 	 1
94	2	8	1010.75 	 1
95	1	17	1505.08 	 3
96	9	20	2098.42 	 1
97	14	11	1095.38 	 2
98	8	2	1013.44 	 2
99	5	14	1360.67 	 2
100	13	3	1251.44 	 2
101	12	7	1028.93 	 3
102	19	20	1355.18 	 2
103	17	14	910.002 	 4
104	17	13	950.237 	 2
105	19	16	1502.55 	 4
106	14	10	1303.67 	 1
107	19	3	1926.31 	 2
108	16	20	1704.55 	 1
109	16	5	1436.15 	 3
110	11	4	1062.64 	 1
111	14	8	1540.62 	 4
112	11	6	985.863 	 4
113	5	12	1307.06 	 4
114	13	17	1087.509 	 2
115	8	14	1532.42 	 3
116	20	18	1863.52 	 3
117	16	9	1159.43 	 3
118	15	8	1546.78 	 4
119	6	14	1226.72 	 1
120	7	10	966.142 	 3
121	6	12	1022.75 	 3
122	7	18	1548.29 	 3
123	19	13	1589.93 	 3
124	19	9	1587.07 	 2
125	2	10	1148.62 	 2
126	18	16	1696.85 	 3
127	20	13	1816.29 	 1
128	6	11	993.498 	 2
129	18	4	1620.95 	 1
130	13	2	1185.51 	 3
131	12	6	1017.01 	 4
132	7	16	1251.45 	 2
133	13	20	1820.79 	 3
134	13	18	1735.74 	 4
135	5	11	1276.49 	 1
136	12	17	1294.6 	 4
137	20	8	2632.37 	 3
138	6	8	1185.59 	 3
139	7	12	1033.46 	 4
140	3	6	922.033 	 4
141	14	2	1227.57 	 1
142	8	6	1187.69 	 1
143	5	17	1625.43 	 3
144	13	8	1503.43 	 2
145	10	8	1410.68 	 1
146	19	12	1383.68 	 1
147	5	6	1013.54 	 3
148	3	13	1259.8 	 4
149	1	7	887.27 	 1
150	19	1	1906.51 	 3
151	2	18	1734.9 	 3
152	1	8	946.176 	 4
153	11	9	907.845 	 3
154	3	12	1208.78 	 3
155	13	11	1091.05 	 4
156	19	5	2024.78 	 2
157	12	8	1474.02 	 3
158	15	10	851.527 	 1
159	6	3	918.436 	 4
160	19	8	2195.92 	 1
161	13	5	1331.69 	 2
162	16	1	1318.12 	 1
163	16	10	1309.17 	 4
164	18	2	1740.32 	 1
165	15	7	1104.9 	 4
166	11	16	1101.5 	 1
167	11	12	874.821 	 2
168	6	18	1541.29 	 4
169	6	19	1752.89 	 3
170	17	9	1317.4 	 2
171	17	15	1157.19 	 4
172	13	6	1232.73 	 2
173	20	7	1997.58 	 2
174	14	18	1739.56 	 3
175	3	17	1545.76 	 4
176	10	5	1242.5 	 1
177	17	2	1481.98 	 3
178	8	20	2637.75 	 2
179	13	10	1296.46 	 3
180	13	7	1241.77 	 3
181	8	18	1995.51 	 2
182	8	10	1410.45 	 2
183	2	20	2365.18 	 4
184	14	9	1156.09 	 1
185	10	17	1359.09 	 4
186	15	6	1096 	 2
187	2	6	928.91 	 3
188	14	3	1292.86 	 1
189	18	10	1244.54 	 3
190	20	10	1966.85 	 4
191	9	3	1001.05 	 1
192	3	20	2388.44 	 4
193	3	11	1178.35 	 3
194	11	8	1442.47 	 4
195	13	12	1299.64 	 1
196	10	11	938.855 	 2
197	9	14	1145.41 	 4
198	1	11	1157.44 	 2
199	15	4	1172.76 	 4
200	20	19	1357.51 	 1
201	1	19	1915.33 	 3
202	8	3	924.49 	 3
203	7	8	1165.57 	 2
204	17	11	1160.04 	 1
205	5	18	1822.88 	 4
206	10	2	1151.93 	 2
207	5	10	1244.35 	 2
208	20	9	2099.88 	 3
209	1	16	1320.89 	 2
210	14	19	1563.47 	 2
211	11	3	1171.33 	 1
212	15	9	1014.25 	 3
213	16	19	1500.8 	 2
214	11	18	1304.97 	 2
215	9	5	1094.08 	 2
216	5	16	1437.4 	 1
217	9	15	996.231 	 2
218	4	18	1617.85 	 3
219	3	9	999.154 	 4
220	4	5	859.03 	 3
221	3	16	1356.25 	 3
222	1	18	1702.4 	 1
223	6	16	1240.29 	 4
224	8	4	1033.68 	 4
225	11	2	1179.05 	 2
226	4	19	1828.67 	 3
227	19	7	1750.47 	 1
228	8	15	1548.04 	 3
229	1	14	1242.65 	 2
230	15	2	1289.78 	 2
231	19	10	1437.67 	 3
232	8	13	1509.41 	 3
233	8	19	2202.73 	 3
234	2	7	938.449 	 1
235	10	5	1196.25 	 4
236	4	16	1196.38 	 4
237	16	4	1196.93 	 2
238	14	7	1197.28 	 1
239	7	13	1197.39 	 1
240	7	16	1202.51 	 3
241	13	3	1204.86 	 2
242	14	1	1205.65 	 2
243	1	15	1213.98 	 4
244	8	9	1214.73 	 1
245	5	11	1228.35 	 1
246	3	15	1234.69 	 3
247	17	6	1235.75 	 1
248	2	15	1240.58 	 3
249	15	2	1242.98 	 2
250	17	12	1245.04 	 2
251	10	14	1245.26 	 3
252	12	17	1245.27 	 4
253	14	3	1246.32 	 3
254	12	13	1250.04 	 2
255	14	11	1051.56 	 4
256	4	12	1054.61 	 3
257	15	7	1057.79 	 4
258	14	2	1059.35 	 3
259	1	10	1073.98 	 2
260	10	1	1075.55 	 2
261	16	6	1075.69 	 4
262	16	7	1084.58 	 4
263	15	1	1093.21 	 2
264	3	13	1093.22 	 4
265	13	4	1093.39 	 2
266	9	14	1093.39 	 3
267	10	3	1095.29 	 2
268	9	8	1095.73 	 2
269	4	13	1097.64 	 4
270	2	10	1102.41 	 3
271	13	9	1102.48 	 3
272	10	2	1104.16 	 2
273	9	13	1105.16 	 2
274	15	14	1106.55 	 1
275	17	15	1109.08 	 3
276	1	11	1109.09 	 2
277	17	11	1109.98 	 4
278	9	16	1113.43 	 1
279	16	9	1114.25 	 4
280	13	10	1131.07 	 3
281	14	15	1131.38 	 4
282	14	4	1133.12 	 3
283	16	15	1135.88 	 1
284	12	1	1136.41 	 3
285	1	12	1137.28 	 4
286	6	8	1137.43 	 2
287	7	14	1191.74 	 3
288	1	14	1192.75 	 1
289	5	10	1194.43 	 1
290	6	16	1194.71 	 3
291	13	7	1194.74 	 2
292	2	14	1195.3 	 2
293	11	7	947.447 	 3
294	3	9	948.427 	 2
295	5	7	949.858 	 1
296	9	3	950.258 	 1
297	7	5	953.262 	 1
298	6	11	1853.659 	 3
299	9	2	957.245 	 2
